{
  "asset": {
    "version": "2.0",
    "generator": "THREE.GLTFExporter"
  },
  "scenes": [
    {
      "nodes": [
        0
      ]
    }
  ],
  "scene": 0,
  "nodes": [
    {
      "children": [
        83
      ],
      "matrix": [
        0.01,
        0,
        0,
        0,
        0,
        0.01,
        0,
        0,
        0,
        0,
        0.01,
        0,
        0,
        0,
        0,
        1
      ]
    },
    {
      "matrix": [
        0.9999999999996486,
        5.975663842554085e-7,
        -5.879099452641024e-7,
        0,
        -6.017976322990929e-7,
        0.9999739093051161,
        -0.0072236215765489895,
        0,
        5.835780128583735e-7,
        0.007223621576900254,
        0.9999739093051244,
        0,
        1.4131899206404341e-8,
        0.22634494304656982,
        0.037322450429201126,
        1
      ],
      "name": "HeadTop_End"
    },
    {
      "matrix": [
        0.9999999999999827,
        1.1908045206622493e-7,
        -1.4325204922682268e-7,
        0,
        -1.2011191720068185e-7,
        0.9999739207982191,
        -0.007222030422436084,
        0,
        1.4238831068018565e-7,
        0.007222030422453166,
        0.999973920798216,
        0,
        0.030352698639035225,
        0.08783962577581406,
        0.0824061706662178,
        1
      ],
      "name": "LeftEye"
    },
    {
      "matrix": [
        0.9999999999999827,
        1.1908045203297003e-7,
        -1.4325204925466994e-7,
        0,
        -1.2011191723393496e-7,
        0.999973920794856,
        -0.007222030888094345,
        0,
        1.423883106523398e-7,
        0.007222030888111427,
        0.9999739207948529,
        0,
        -0.029882267117500305,
        0.08779098093509674,
        0.08240658789873123,
        1
      ],
      "name": "RightEye"
    },
    {
      "matrix": [
        0.999999999999508,
        -6.53658655644718e-7,
        7.462246010671455e-7,
        0,
        8.586140798072357e-7,
        0.9470730763111203,
        -0.3210180495328163,
        0,
        -4.968930018563899e-7,
        0.32101804953329904,
        0.9470730763112155,
        0,
        -2.290084788469926e-12,
        0.1226380243897438,
        3.259586378590029e-9,
        1
      ],
      "name": "Head",
      "children": [
        1,
        2,
        3
      ]
    },
    {
      "matrix": [
        0.9999999999999665,
        2.427888595304233e-7,
        -8.979594092338258e-8,
        0,
        -1.8705548838493648e-7,
        0.9175261546941,
        0.3976754398403596,
        0,
        1.7894129088467015e-7,
        -0.3976754398403295,
        0.9175261546941147,
        0,
        4.547473508864641e-13,
        0.1555749475955963,
        -3.3527591369875154e-8,
        1
      ],
      "name": "Neck",
      "children": [
        4
      ]
    },
    {
      "matrix": [
        0.9944153709096056,
        -0.012478645470309958,
        -0.1047967246908883,
        0,
        0.015197578494422593,
        0.9995672438291612,
        0.025186477953061517,
        0,
        0.10443708013257258,
        -0.026638477265048442,
        0.9941746767155066,
        0,
        1.4901161193847656e-8,
        0.0352851040661335,
        -8.195638656616211e-8,
        1
      ],
      "name": "LeftHandThumb4"
    },
    {
      "matrix": [
        0.9843894006423127,
        -0.16940230921693128,
        0.0477531730363495,
        0,
        0.1684345995232437,
        0.9854293701766372,
        0.02363772570956623,
        0,
        -0.05106166454898281,
        -0.0152254400674456,
        0.9985794371947782,
        0,
        7.450580596923828e-9,
        0.03048672340810299,
        -2.2351741790771484e-8,
        1
      ],
      "name": "LeftHandThumb3",
      "children": [
        6
      ]
    },
    {
      "matrix": [
        0.8641061832408143,
        -0.48926268702265224,
        0.1180784788704801,
        0,
        0.47424694059193334,
        0.8700530269441609,
        0.1345272078224125,
        0,
        -0.16855368113507166,
        -0.06024743473939424,
        0.9838495327961176,
        0,
        1.0058283805847168e-7,
        0.041382573544979095,
        9.685754776000977e-8,
        1
      ],
      "name": "LeftHandThumb2",
      "children": [
        7
      ]
    },
    {
      "matrix": [
        0.6555397298773714,
        0.7386216323495665,
        0.15718061832670363,
        0,
        -0.7452978892628548,
        0.5992784252537342,
        0.2922266676498534,
        0,
        0.12164998484437375,
        -0.30871257384607187,
        0.9433439605661856,
        0,
        -0.03235602378845215,
        0.026351692155003548,
        0.005172813311219215,
        1
      ],
      "name": "LeftHandThumb1",
      "children": [
        8
      ]
    },
    {
      "matrix": [
        0.9934579523935426,
        -0.009144947955136104,
        -0.11383174756159833,
        0,
        0.019310212711291644,
        0.9958870781440565,
        0.08852142831393169,
        0,
        0.11255404262430677,
        -0.09014043217442287,
        0.9895485283584298,
        0,
        6.332993507385254e-8,
        0.03383878991007805,
        1.6111880540847778e-7,
        1
      ],
      "name": "LeftHandIndex4"
    },
    {
      "matrix": [
        0.987581908875874,
        -0.05506848514762868,
        0.1471374704303095,
        0,
        0.029446766229968162,
        0.9848402610953417,
        0.1709460385158335,
        0,
        -0.15432064417854924,
        -0.16449049233680535,
        0.9742320137991325,
        0,
        9.685754776000977e-8,
        0.028345566242933273,
        1.30385160446167e-7,
        1
      ],
      "name": "LeftHandIndex3",
      "children": [
        10
      ]
    },
    {
      "matrix": [
        0.9986166427807276,
        0.04995449321260333,
        0.016411866719563552,
        0,
        -0.052156461015888465,
        0.980660699929424,
        0.18863800038229417,
        0,
        -0.006671156994619233,
        -0.18923303152939308,
        0.9819095454483314,
        0,
        6.705522537231445e-8,
        0.044678568840026855,
        -1.0244548320770264e-7,
        1
      ],
      "name": "LeftHandIndex2",
      "children": [
        11
      ]
    },
    {
      "matrix": [
        0.9845987282370521,
        0.13163600065301811,
        0.11505349923430488,
        0,
        -0.15032333008305282,
        0.9734375253067067,
        0.17269128743945472,
        0,
        -0.08926500314636823,
        -0.18732684713311498,
        0.9782333114121833,
        0,
        -0.03534658998250961,
        0.09745369106531143,
        -0.006952292285859585,
        1
      ],
      "name": "LeftHandIndex1",
      "children": [
        12
      ]
    },
    {
      "matrix": [
        0.9989857831576318,
        -0.0022227526062204048,
        -0.04497181806181223,
        0,
        0.0043620667833999885,
        0.9988603786541322,
        0.04752805832664228,
        0,
        0.04481492410247237,
        -0.04767602464315887,
        0.9978570134302381,
        0,
        -6.332993507385254e-8,
        0.03456242009997368,
        -8.754432201385498e-8,
        1
      ],
      "name": "LeftHandMiddle4"
    },
    {
      "matrix": [
        0.9951778612916664,
        -0.09440600547408391,
        0.02661823670666499,
        0,
        0.07616096281558558,
        0.9147327518245232,
        0.3968167089255922,
        0,
        -0.06181045330644162,
        -0.3928759331773357,
        0.9175118358866494,
        0,
        -5.960464477539063e-8,
        0.03540731593966484,
        2.3748725652694702e-7,
        1
      ],
      "name": "LeftHandMiddle3",
      "children": [
        14
      ]
    },
    {
      "matrix": [
        0.9960986538732731,
        0.08290568261167314,
        0.03023440990900389,
        0,
        -0.08786042612613362,
        0.9637353339994532,
        0.25198164917687255,
        0,
        -0.008247258501306474,
        -0.2536549896841274,
        0.9672595974895043,
        0,
        -4.470348358154297e-8,
        0.045697953552007675,
        3.846071194857359e-8,
        1
      ],
      "name": "LeftHandMiddle2",
      "children": [
        15
      ]
    },
    {
      "matrix": [
        0.9904482979935245,
        0.02509565776830348,
        0.1355816247243947,
        0,
        -0.035537879840625286,
        0.9965383961668888,
        0.0751550667723636,
        0,
        -0.13322622901727602,
        -0.07925549145832951,
        0.987911604838983,
        0,
        -0.009198971092700958,
        0.10019729286432266,
        -0.0034844023175537586,
        1
      ],
      "name": "LeftHandMiddle1",
      "children": [
        16
      ]
    },
    {
      "matrix": [
        0.9989265396545354,
        0.044128514004147405,
        0.014086966515251532,
        0,
        -0.04431202734964946,
        0.9989332551401069,
        0.012992151759965384,
        0,
        -0.01349861496524626,
        -0.013602427245746224,
        0.9998163638223992,
        0,
        -3.725290298461914e-9,
        0.029813138768076897,
        -3.771856427192688e-8,
        1
      ],
      "name": "LeftHandRing4"
    },
    {
      "matrix": [
        0.9999257880822096,
        0.0033370248627996838,
        0.011716765476753445,
        0,
        -0.0042413987435587375,
        0.9969419579015476,
        0.07803039864134365,
        0,
        -0.011420545734347505,
        -0.0780743033301862,
        0.9968821265799863,
        0,
        3.3527612686157227e-8,
        0.03616324067115784,
        -1.8207356333732605e-7,
        1
      ],
      "name": "LeftHandRing3",
      "children": [
        18
      ]
    },
    {
      "matrix": [
        0.9952697170403786,
        0.08396612410656706,
        0.048865942586685626,
        0,
        -0.09603073640000948,
        0.92643239640814,
        0.3640070226684409,
        0,
        -0.014706733452285462,
        -0.3669777989034099,
        0.9301134377607776,
        0,
        4.470348358154297e-8,
        0.04189963638782501,
        4.761386662721634e-8,
        1
      ],
      "name": "LeftHandRing2",
      "children": [
        19
      ]
    },
    {
      "matrix": [
        0.9872435098745522,
        -0.12237926587481196,
        0.1018507118017198,
        0,
        0.10829518281700426,
        0.985060582880625,
        0.13389474012639552,
        0,
        -0.11671506153537566,
        -0.12115677174151451,
        0.985747752253064,
        0,
        0.015421796590089798,
        0.09560403227806091,
        0.002230023965239525,
        1
      ],
      "name": "LeftHandRing1",
      "children": [
        20
      ]
    },
    {
      "matrix": [
        0.9778399542544327,
        0.004335975567047779,
        -0.20930891806029386,
        0,
        0.05311580097935584,
        0.9619337774958159,
        0.26807110884791663,
        0,
        0.20250366799149663,
        -0.27324825164767674,
        0.9403869721670317,
        0,
        -4.470348358154297e-8,
        0.026324203237891197,
        -1.51805579662323e-7,
        1
      ],
      "name": "LeftHandPinky4"
    },
    {
      "matrix": [
        0.9994195654538035,
        0.021199620220756873,
        0.026666613782523857,
        0,
        -0.027056802288247174,
        0.9695910610222219,
        0.243230556953144,
        0,
        -0.020699314917777288,
        -0.24381089083200858,
        0.9696018708076203,
        0,
        -5.587935447692871e-9,
        0.02237612195312977,
        3.818422555923462e-8,
        1
      ],
      "name": "LeftHandPinky3",
      "children": [
        22
      ]
    },
    {
      "matrix": [
        0.9040281180306925,
        0.06393580471666419,
        0.42266461252997867,
        0,
        -0.1663827563915331,
        0.9634097710062924,
        0.21013898140316323,
        0,
        -0.39376381269161864,
        -0.2602956511446855,
        0.8815873375960682,
        0,
        1.6530975699424744e-8,
        0.02815236523747444,
        -4.899629857391119e-8,
        1
      ],
      "name": "LeftHandPinky2",
      "children": [
        23
      ]
    },
    {
      "matrix": [
        0.9417064351889208,
        -0.31846419288637445,
        0.10848754662635193,
        0,
        0.29033055916505873,
        0.9321758802247323,
        0.2162320391203622,
        0,
        -0.1699916360844824,
        -0.17212985265919345,
        0.9702959123302773,
        0,
        0.03913145512342453,
        0.08981321007013321,
        0.010544351302087307,
        1
      ],
      "name": "LeftHandPinky1",
      "children": [
        24
      ]
    },
    {
      "matrix": [
        0.9963160025731279,
        -0.03338145277040854,
        -0.0789943138943561,
        0,
        0.04054082375107245,
        0.995040269568075,
        0.09083668613218526,
        0,
        0.07557026284384324,
        -0.0937045385711367,
        0.9927278553686719,
        0,
        1.434236764907837e-7,
        0.25197213888168335,
        -1.7507773009128869e-7,
        1
      ],
      "name": "LeftHand",
      "children": [
        9,
        13,
        17,
        21,
        25
      ]
    },
    {
      "matrix": [
        0.9016914396812978,
        0.42711803914585716,
        -0.06725123226875893,
        0,
        -0.43174297541446965,
        0.897845870138954,
        -0.0864337703370924,
        0,
        0.023463818651898505,
        0.10697183793233908,
        0.9939851483315273,
        0,
        2.60770320892334e-8,
        0.28512904047966003,
        6.600748747587204e-8,
        1
      ],
      "name": "LeftForeArm",
      "children": [
        26
      ]
    },
    {
      "matrix": [
        0.9894980151737454,
        -0.0620970809287622,
        -0.1305282747428513,
        0,
        0.1433242443309786,
        0.5386756990630509,
        0.8302328903541991,
        0,
        0.01875737066255457,
        -0.8402216634787874,
        0.5419185522444931,
        0,
        -3.91155481338501e-8,
        0.11889563500881195,
        2.1071173250675201e-7,
        1
      ],
      "name": "LeftArm",
      "children": [
        27
      ]
    },
    {
      "matrix": [
        -0.009020004773286239,
        -0.010548204140867878,
        -0.9999036828131461,
        0,
        0.9991723147209154,
        -0.03975964167978763,
        -0.00859397397850925,
        0,
        -0.039665161151044015,
        -0.9991535949406867,
        0.010898105705315353,
        0,
        0.04713556170463562,
        0.14114804565906525,
        -0.006255117245018482,
        1
      ],
      "name": "LeftShoulder",
      "children": [
        28
      ]
    },
    {
      "matrix": [
        0.9944171489739194,
        0.012472144243938547,
        0.10478062532997241,
        0,
        -0.015191751257425924,
        0.9995670585610471,
        0.025197343775657622,
        0,
        -0.10442099654913357,
        -0.02664847195571567,
        0.9941760982955239,
        0,
        5.21540641784668e-8,
        0.03528471291065216,
        -5.960464477539063e-8,
        1
      ],
      "name": "RightHandThumb4"
    },
    {
      "matrix": [
        0.9843879022649278,
        0.1694033658878856,
        -0.0477803045229953,
        0,
        -0.1684342618456269,
        0.9854289675796088,
        0.023656907902451226,
        0,
        0.05109165598190953,
        -0.015239733621078572,
        0.9985776851142754,
        0,
        4.470348358154297e-8,
        0.030486533418297768,
        1.1548399925231934e-7,
        1
      ],
      "name": "RightHandThumb3",
      "children": [
        30
      ]
    },
    {
      "matrix": [
        0.8641101734864706,
        0.4892612822658891,
        -0.11805509625899133,
        0,
        -0.47424936360610753,
        0.8700538684594386,
        0.1345132227625524,
        0,
        0.16852640504201036,
        -0.060246689986289015,
        0.9838542509687663,
        0,
        1.564621925354004e-7,
        0.041382357478141785,
        -4.470348358154297e-8,
        1
      ],
      "name": "RightHandThumb2",
      "children": [
        31
      ]
    },
    {
      "matrix": [
        0.65554149934075,
        -0.7386224501453055,
        -0.15716939518693568,
        0,
        0.745294768561806,
        0.5992803750680423,
        0.29223062812222583,
        0,
        -0.12165956845429582,
        -0.3087068321233793,
        0.943344603633191,
        0,
        0.03235587477684021,
        0.02635207027196884,
        0.00517314113676548,
        1
      ],
      "name": "RightHandThumb1",
      "children": [
        32
      ]
    },
    {
      "matrix": [
        0.9934603444625045,
        0.009153460136167692,
        0.11381018472868475,
        0,
        -0.019319173941156037,
        0.9958850303470088,
        0.08854250871174099,
        0,
        -0.11253138894847568,
        -0.09016218995938907,
        0.9895491225821252,
        0,
        5.21540641784668e-8,
        0.03383871167898178,
        5.122274160385132e-8,
        1
      ],
      "name": "RightHandIndex4"
    },
    {
      "matrix": [
        0.9875844706010385,
        0.055067839371311156,
        -0.1471205169058413,
        0,
        -0.029451490327683016,
        0.9848428743961299,
        0.17093016839822942,
        0,
        0.15430334780925806,
        -0.16447506138665566,
        0.9742373586743176,
        0,
        -3.725290298461914e-8,
        0.028345827013254166,
        5.774199962615967e-8,
        1
      ],
      "name": "RightHandIndex3",
      "children": [
        34
      ]
    },
    {
      "matrix": [
        0.998616408021046,
        -0.0499581793232095,
        -0.016414930699026137,
        0,
        0.05216068224586188,
        0.9806598661117223,
        0.18864116789657862,
        0,
        0.006673294448023227,
        -0.18923637947405617,
        0.9819088857041477,
        0,
        0,
        0.04467868059873581,
        -1.2665987014770508e-7,
        1
      ],
      "name": "RightHandIndex2",
      "children": [
        35
      ]
    },
    {
      "matrix": [
        0.9845995418413775,
        -0.13163756029687554,
        -0.1150447518352574,
        0,
        0.15032280673070772,
        0.9734384017788381,
        0.1726868023876278,
        0,
        0.08925690999778003,
        -0.18732119650842444,
        0.9782351319372559,
        0,
        0.035346291959285736,
        0.09745413064956665,
        -0.006952107883989811,
        1
      ],
      "name": "RightHandIndex1",
      "children": [
        36
      ]
    },
    {
      "matrix": [
        0.9989849632911665,
        0.002212582109146625,
        0.04499052787595341,
        0,
        -0.004351976130444583,
        0.9988612858590148,
        0.047509913868954985,
        0,
        -0.04483417694021713,
        -0.04765748726575673,
        0.997857034091361,
        0,
        2.2351741790771484e-8,
        0.03456273302435875,
        -1.30385160446167e-8,
        1
      ],
      "name": "RightHandMiddle4"
    },
    {
      "matrix": [
        0.995177263539578,
        0.09441083422483441,
        -0.02662345798066076,
        0,
        -0.07616292628959483,
        0.9147298844756033,
        0.39682294175898547,
        0,
        0.06181765761400959,
        -0.3928814488216773,
        0.9175089887183105,
        0,
        4.470348358154297e-8,
        0.035407569259405136,
        -1.3783574104309082e-7,
        1
      ],
      "name": "RightHandMiddle3",
      "children": [
        38
      ]
    },
    {
      "matrix": [
        0.996099021559749,
        -0.08290286647542806,
        -0.030230017827780974,
        0,
        0.08785659845723114,
        0.9637353353134956,
        0.251982978742035,
        0,
        0.008243625127057896,
        -0.2536559051123024,
        0.9672593883992149,
        0,
        1.564621925354004e-7,
        0.045697715133428574,
        -4.353933036327362e-8,
        1
      ],
      "name": "RightHandMiddle2",
      "children": [
        39
      ]
    },
    {
      "matrix": [
        0.9904488029417973,
        -0.02509818123199019,
        -0.13557746881398453,
        0,
        0.03553933179744035,
        0.9965387646838663,
        0.07514949352953192,
        0,
        0.13322208768275706,
        -0.07925005855644456,
        0.9879125991565488,
        0,
        0.00919874757528305,
        0.10019788146018982,
        -0.0034842723980545998,
        1
      ],
      "name": "RightHandMiddle1",
      "children": [
        40
      ]
    },
    {
      "matrix": [
        0.998926413600935,
        -0.04412613384982977,
        -0.014103351440015016,
        0,
        0.04431006724100719,
        0.9989331522966465,
        0.013006736092594697,
        0,
        0.013514368334150402,
        -0.013617692688260082,
        0.9998159432087373,
        0,
        5.587935447692871e-8,
        0.029812796041369438,
        -8.055940270423889e-8,
        1
      ],
      "name": "RightHandRing4"
    },
    {
      "matrix": [
        0.9999256221225097,
        -0.003339262768413022,
        -0.011730283333130182,
        0,
        0.004244775245509513,
        0.9969413311416302,
        0.07803822233155655,
        0,
        0.01143381415045438,
        -0.0780822104305317,
        0.9968813551813751,
        0,
        -3.725290298461914e-9,
        0.03616262227296829,
        8.381903171539307e-8,
        1
      ],
      "name": "RightHandRing3",
      "children": [
        42
      ]
    },
    {
      "matrix": [
        0.9952701668909462,
        -0.08396516540336138,
        -0.04885842706897495,
        0,
        0.09602700461763727,
        0.9264347526657596,
        0.36400201021051687,
        0,
        0.014700655802801773,
        -0.3669720698526239,
        0.9301157942251322,
        0,
        -4.0978193283081055e-8,
        0.04190049320459366,
        5.471520125865936e-8,
        1
      ],
      "name": "RightHandRing2",
      "children": [
        43
      ]
    },
    {
      "matrix": [
        0.9872446188372904,
        0.12237699460592036,
        -0.10184269128433118,
        0,
        -0.10829492477063016,
        0.9850617875175359,
        0.13388608606453611,
        0,
        0.11670592035426738,
        -0.12114927141332447,
        0.9857497563734338,
        0,
        -0.015422049909830093,
        0.09560428559780121,
        0.0022296318784356117,
        1
      ],
      "name": "RightHandRing1",
      "children": [
        44
      ]
    },
    {
      "matrix": [
        0.9778378732695394,
        -0.004336979478104477,
        0.20931861887732445,
        0,
        -0.05311579842333293,
        0.9619360912577529,
        0.2680628066211496,
        0,
        -0.2025137169614838,
        -0.2732400902956272,
        0.9403871795689697,
        0,
        1.1362135410308838e-7,
        0.02632436342537403,
        5.774199962615967e-8,
        1
      ],
      "name": "RightHandPinky4"
    },
    {
      "matrix": [
        0.9994195169127904,
        -0.021203448640417497,
        -0.026665389169444307,
        0,
        0.02706021184435027,
        0.9695910347028509,
        0.24323028256940754,
        0,
        0.020697201471301035,
        -0.24381066258391598,
        0.9696019733177363,
        0,
        -1.30385160446167e-8,
        0.02237582579255104,
        -3.3993273973464966e-7,
        1
      ],
      "name": "RightHandPinky3",
      "children": [
        46
      ]
    },
    {
      "matrix": [
        0.9040291734407456,
        -0.06393476485834053,
        -0.4226625124263458,
        0,
        0.1663802324753006,
        0.9634105755651615,
        0.21013729114716667,
        0,
        0.3937624560690203,
        -0.26029292870094045,
        0.8815887473526304,
        0,
        1.909211277961731e-8,
        0.028152089565992355,
        2.5258486857637763e-7,
        1
      ],
      "name": "RightHandPinky2",
      "children": [
        47
      ]
    },
    {
      "matrix": [
        0.9417072075944115,
        0.3184640887755139,
        -0.10848114732577992,
        0,
        -0.2903328072724788,
        0.9321768052221765,
        0.2162250328409228,
        0,
        0.16998351739512185,
        -0.17212503584940228,
        0.9702981891397223,
        0,
        -0.039131782948970795,
        0.08981351554393768,
        0.010543550364673138,
        1
      ],
      "name": "RightHandPinky1",
      "children": [
        48
      ]
    },
    {
      "matrix": [
        0.9963165259768993,
        0.033381605553432364,
        0.07898764761655783,
        0,
        -0.04054076032025629,
        0.9950397775201252,
        0.09084210425433424,
        0,
        -0.07556339601935577,
        -0.09370970901339333,
        0.9927278900175249,
        0,
        -4.470348358154297e-8,
        0.25197213888168335,
        1.9501567294355482e-7,
        1
      ],
      "name": "RightHand",
      "children": [
        33,
        37,
        41,
        45,
        49
      ]
    },
    {
      "matrix": [
        0.9016916031325277,
        -0.427118349877474,
        0.06724706713482609,
        0,
        0.43174282176584455,
        0.8978460122297094,
        -0.08643306182749028,
        0,
        -0.02346036431853182,
        0.1069694046031496,
        0.9939854917376256,
        0,
        -5.960464477539063e-8,
        0.28512832522392273,
        -3.41096892952919e-8,
        1
      ],
      "name": "RightForeArm",
      "children": [
        50
      ]
    },
    {
      "matrix": [
        0.9894976775517967,
        0.06209616633467241,
        0.13053126922748126,
        0,
        -0.14332619318644751,
        0.5386787764056178,
        0.8302305572531209,
        0,
        -0.018760289610814343,
        -0.8402197581446672,
        0.5419214053320234,
        0,
        5.820766091346741e-9,
        0.11889571696519852,
        -2.6728957891464233e-7,
        1
      ],
      "name": "RightArm",
      "children": [
        51
      ]
    },
    {
      "matrix": [
        -0.009020498329854743,
        0.01055023152756035,
        0.9999036569713082,
        0,
        -0.9991728379404052,
        -0.03974637027315797,
        -0.008594531530313643,
        0,
        0.039651866689950854,
        -0.9991541015603266,
        0.010900036842987793,
        0,
        -0.04713546484708786,
        0.14114809036254883,
        -0.006255130283534527,
        1
      ],
      "name": "RightShoulder",
      "children": [
        52
      ]
    },
    {
      "matrix": [
        0.9999999999998322,
        2.0667840904253876e-7,
        5.410568060513365e-7,
        0,
        -2.567776737087324e-7,
        0.9955440800509309,
        0.094297320616653,
        0,
        -5.191566800336487e-7,
        -0.09429732061677612,
        0.995544080050817,
        0,
        4.39648317751562e-13,
        0.1218063160777092,
        -3.53902720462429e-8,
        1
      ],
      "name": "Spine2",
      "children": [
        5,
        29,
        53
      ]
    },
    {
      "matrix": [
        0.9999999999999704,
        1.9316872679640268e-7,
        -1.4825299511909604e-7,
        0,
        -2.0230359155818471e-7,
        0.9979296942872671,
        -0.06431426948726686,
        0,
        1.3552256054467512e-7,
        0.06431426948729495,
        0.9979296942872765,
        0,
        2.35082786570473e-13,
        0.13049744069576263,
        3.504101186990738e-8,
        1
      ],
      "name": "Spine1",
      "children": [
        54
      ]
    },
    {
      "matrix": [
        0.9999999986128624,
        1.8110717544280186e-8,
        -0.00005267138658281649,
        0,
        -0.0000072372275281018666,
        0.9905623598815152,
        -0.13706279996259385,
        0,
        0.00005217181068605033,
        0.13706280015366368,
        0.9905623585076,
        0,
        1.368904989362818e-12,
        0.09847309440374374,
        1.303854535450455e-8,
        1
      ],
      "name": "Spine",
      "children": [
        55
      ]
    },
    {
      "matrix": [
        0.023821876112633755,
        0.03493332427360341,
        -0.999105690642221,
        0,
        -0.015634924790794667,
        0.9992800892854312,
        0.03456663542329266,
        0,
        0.9995939512348303,
        0.014797500224561836,
        0.0243509063864894,
        0,
        -5.509791662916541e-7,
        0.09907490760087967,
        5.4656993597745895e-8,
        1
      ],
      "name": "LeftToe_End"
    },
    {
      "matrix": [
        0.9954832908105727,
        0.012218986059519543,
        0.09414729999649468,
        0,
        -0.05916280553822316,
        0.855418527622821,
        0.5145472816374131,
        0,
        -0.07424809868137427,
        -0.5177932396036881,
        0.8522777603944143,
        0,
        4.1211023926734924e-7,
        0.14884449541568756,
        -1.955777406692505e-8,
        1
      ],
      "name": "LeftToeBase",
      "children": [
        57
      ]
    },
    {
      "matrix": [
        0.9994394514054273,
        0.019603435023561055,
        -0.027138318107346415,
        0,
        0.014229953032294058,
        0.48500169271864246,
        0.8743974305181542,
        0,
        0.030303323433531374,
        -0.8742934652594222,
        0.48445086974176677,
        0,
        3.325840225443244e-7,
        0.4438590109348297,
        -4.145840648561716e-7,
        1
      ],
      "name": "LeftFoot",
      "children": [
        58
      ]
    },
    {
      "matrix": [
        0.9999828566396078,
        -0.005792245665409209,
        0.0008580891801869417,
        0,
        0.005843570431714572,
        0.9965127742455343,
        -0.08323546990363162,
        0,
        -0.0003729765397405565,
        0.08323905727253475,
        0.9965295380634136,
        0,
        3.6965502658858895e-8,
        0.45817407965660095,
        -8.440110832452774e-10,
        1
      ],
      "name": "LeftLeg",
      "children": [
        59
      ]
    },
    {
      "matrix": [
        -0.9978261126792134,
        -0.06586465216123741,
        -0.002212792617711819,
        0,
        0.06580989565064746,
        -0.9976453157007616,
        0.019310144866852993,
        0,
        -0.003479438164515798,
        0.01912254313649625,
        0.9998110930841146,
        0,
        0.09534373134374619,
        0.005192708224058151,
        -0.003302300348877907,
        1
      ],
      "name": "LeftUpLeg",
      "children": [
        60
      ]
    },
    {
      "matrix": [
        0.023764701027691792,
        -0.03493194297872719,
        0.9991071005376727,
        0,
        0.015635722531889343,
        0.9992800959783713,
        0.03456608109639694,
        0,
        -0.9995952996918153,
        0.014800308820692706,
        0.024293778891764317,
        0,
        5.52361598238349e-7,
        0.09907487034797668,
        3.7602148950099945e-8,
        1
      ],
      "name": "RightToe_End"
    },
    {
      "matrix": [
        0.9954837547425793,
        -0.012238907041712273,
        -0.09413980666030929,
        0,
        0.05917610265208983,
        0.8554169794061812,
        0.5145483264169792,
        0,
        0.07423127991975766,
        -0.5177953268406632,
        0.8522779573492707,
        0,
        -5.98374754190445e-8,
        0.14884412288665771,
        1.1734664440155029e-7,
        1
      ],
      "name": "RightToeBase",
      "children": [
        62
      ]
    },
    {
      "matrix": [
        0.9994396009932626,
        -0.019595978096008944,
        0.02713819465050831,
        0,
        -0.014233429204393258,
        0.48500258117922157,
        0.8743968811372648,
        0,
        -0.03029675658402505,
        -0.8742931395658743,
        0.48445186824754327,
        0,
        -7.566995918750763e-9,
        0.44385960698127747,
        1.6007106751203537e-9,
        1
      ],
      "name": "RightFoot",
      "children": [
        63
      ]
    },
    {
      "matrix": [
        0.9999828510824839,
        0.005792931635786952,
        -0.0008599325612687454,
        0,
        -0.005844407704515437,
        0.9965127157012214,
        -0.08323611202092644,
        0,
        0.0003747526253838929,
        0.08323971040819349,
        0.99652948284114,
        0,
        -2.550950739532709e-8,
        0.45817452669143677,
        7.275957614183426e-10,
        1
      ],
      "name": "RightLeg",
      "children": [
        64
      ]
    },
    {
      "matrix": [
        -0.9978258449043289,
        0.06586496471489785,
        0.0023215650038872484,
        0,
        -0.06580810287127907,
        -0.9976452956274071,
        0.019317290415244135,
        0,
        0.0035884310562088254,
        0.019122513841255104,
        0.9998107083978176,
        0,
        -0.09534403681755066,
        0.005193065851926804,
        -0.003292336128652096,
        1
      ],
      "name": "RightUpLeg",
      "children": [
        65
      ]
    },
    {
      "matrix": [
        0.9999999986229309,
        -0.000001697620565490846,
        0.000052452419801458405,
        0,
        -5.7022088827542e-9,
        0.9994731450486273,
        0.03245662223038053,
        0,
        -0.000052479884013759185,
        -0.032456622185984614,
        0.999473143672274,
        0,
        8.767874122052322e-13,
        1.0191901922225952,
        0.01003055740147829,
        1
      ],
      "name": "Hips",
      "children": [
        56,
        61,
        66
      ]
    },
    {
      "matrix": [
        1,
        0,
        0,
        0,
        0,
        1,
        0,
        0,
        0,
        0,
        1,
        0,
        -0.05018947071342288,
        1.7067752265480371,
        0.10597377448535532,
        1
      ],
      "name": "EyeLeft",
      "mesh": 0
    },
    {
      "matrix": [
        1,
        0,
        0,
        0,
        0,
        1,
        0,
        0,
        0,
        0,
        1,
        0,
        0.04801037816890701,
        1.691934214996019,
        0.09060898025376053,
        1
      ],
      "name": "EyeRight",
      "mesh": 1
    },
    {
      "matrix": [
        1,
        0,
        0,
        0,
        0,
        5.5,
        0,
        0,
        0,
        0,
        1,
        0,
        0,
        0.11305128403941533,
        0,
        1
      ],
      "name": "Wolf3D_Head",
      "mesh": 2
    },
    {
      "matrix": [
        1,
        0,
        0,
        0,
        0,
        1,
        0,
        0,
        0,
        0,
        1,
        0,
        0,
        1.6417665266299986,
        0.0863146064188116,
        1
      ],
      "name": "Wolf3D_Teeth",
      "mesh": 3
    },
    {
      "matrix": [
        1,
        0,
        0,
        0,
        0,
        1,
        0,
        0,
        0,
        0,
        1,
        0,
        0,
        -0.00777810481304549,
        0,
        1
      ],
      "name": "Wolf3D_Hair",
      "mesh": 4
    },
    {
      "name": "Wolf3D_Glasses",
      "mesh": 5
    },
    {
      "name": "Wolf3D_Outfit_Top",
      "mesh": 6
    },
    {
      "name": "Wolf3D_Outfit_Bottom",
      "mesh": 7
    },
    {
      "name": "Wolf3D_Outfit_Footwear",
      "mesh": 8
    },
    {
      "name": "Wolf3D_Body",
      "mesh": 9
    },
    {
      "matrix": [
        2,
        0,
        0,
        0,
        0,
        2,
        0,
        0,
        0,
        0,
        2,
        0,
        0,
        0,
        0,
        1
      ],
      "name": "Armature",
      "children": [
        67,
        68,
        69,
        70,
        71,
        72,
        73,
        74,
        75,
        76,
        77
      ]
    },
    {
      "matrix": [
        100,
        0,
        0,
        0,
        0,
        100,
        0,
        0,
        0,
        0,
        100,
        0,
        0,
        -246.13328777673428,
        0,
        1
      ],
      "name": "678197dbd86b55e2cf637263",
      "children": [
        78
      ]
    },
    {
      "matrix": [
        0.5883484054145521,
        0.39223227027636803,
        -0.7071067811865475,
        0,
        -0.554700196225229,
        0.8320502943378437,
        0,
        0,
        0.588348405414552,
        0.392232270276368,
        0.7071067811865476,
        0,
        0,
        0,
        0,
        1
      ],
      "name": "Directional Light",
      "extensions": {
        "KHR_lights_punctual": {
          "light": 0
        }
      }
    },
    {
      "matrix": [
        0.7071067872699208,
        -1.2166747109798592e-8,
        -0.7071067751031741,
        0,
        -0.4082482799271509,
        0.816496580927726,
        -0.40824830100057496,
        0,
        0.577350269189626,
        0.5773502691896257,
        0.5773502691896257,
        0,
        111.83937769723846,
        111.83937769723744,
        111.8393776972373,
        1
      ],
      "name": "Personal Camera",
      "camera": 0
    },
    {
      "matrix": [
        1,
        0,
        0,
        0,
        0,
        1,
        0,
        0,
        0,
        0,
        1,
        0,
        0,
        1,
        0,
        1
      ],
      "name": "Default Ambient Light"
    },
    {
      "name": "Scene 1",
      "children": [
        79,
        80,
        81,
        82
      ]
    }
  ],
  "bufferViews": [
    {
      "buffer": 0,
      "byteOffset": 0,
      "byteLength": 1440,
      "target": 34962,
      "byteStride": 12
    },
    {
      "buffer": 0,
      "byteOffset": 1440,
      "byteLength": 960,
      "target": 34962,
      "byteStride": 8
    },
    {
      "buffer": 0,
      "byteOffset": 2400,
      "byteLength": 1440,
      "target": 34962,
      "byteStride": 12
    },
    {
      "buffer": 0,
      "byteOffset": 3840,
      "byteLength": 1440,
      "target": 34962,
      "byteStride": 12
    },
    {
      "buffer": 0,
      "byteOffset": 5280,
      "byteLength": 1440,
      "target": 34962,
      "byteStride": 12
    },
    {
      "buffer": 0,
      "byteOffset": 6720,
      "byteLength": 1236,
      "target": 34963
    },
    {
      "buffer": 0,
      "byteOffset": 7956,
      "byteLength": 1440,
      "target": 34962,
      "byteStride": 12
    },
    {
      "buffer": 0,
      "byteOffset": 9396,
      "byteLength": 960,
      "target": 34962,
      "byteStride": 8
    },
    {
      "buffer": 0,
      "byteOffset": 10356,
      "byteLength": 1440,
      "target": 34962,
      "byteStride": 12
    },
    {
      "buffer": 0,
      "byteOffset": 11796,
      "byteLength": 1440,
      "target": 34962,
      "byteStride": 12
    },
    {
      "buffer": 0,
      "byteOffset": 13236,
      "byteLength": 1440,
      "target": 34962,
      "byteStride": 12
    },
    {
      "buffer": 0,
      "byteOffset": 14676,
      "byteLength": 1236,
      "target": 34963
    },
    {
      "buffer": 0,
      "byteOffset": 15912,
      "byteLength": 25944,
      "target": 34962,
      "byteStride": 12
    },
    {
      "buffer": 0,
      "byteOffset": 41856,
      "byteLength": 17296,
      "target": 34962,
      "byteStride": 8
    },
    {
      "buffer": 0,
      "byteOffset": 59152,
      "byteLength": 25944,
      "target": 34962,
      "byteStride": 12
    },
    {
      "buffer": 0,
      "byteOffset": 85096,
      "byteLength": 25944,
      "target": 34962,
      "byteStride": 12
    },
    {
      "buffer": 0,
      "byteOffset": 111040,
      "byteLength": 25944,
      "target": 34962,
      "byteStride": 12
    },
    {
      "buffer": 0,
      "byteOffset": 136984,
      "byteLength": 24564,
      "target": 34963
    },
    {
      "buffer": 0,
      "byteOffset": 161548,
      "byteLength": 1008,
